Depot;Gare de Feyzin;Raffinerie;Alfred Nobel;Louise Michel;11 novembre;Hector Berlioz;Les Razes;Vernay;Ile de la Chevre
0.00;0.00;169.10;119.45;180.94;74.95;34.35;165.60;297.74;229.31
0.00;0.00;169.10;119.45;180.94;74.95;34.35;165.60;297.74;229.31
169.10;169.10;0.00;138.64;200.13;94.15;134.75;266.00;316.94;329.71
119.45;119.45;138.64;0.00;61.49;44.49;85.09;216.34;178.29;280.05
180.94;180.94;200.13;61.49;0.00;105.98;146.58;277.83;116.80;341.54
74.95;74.95;94.15;44.49;105.98;0.00;40.60;171.85;222.79;235.56
34.35;34.35;134.75;85.09;146.58;40.60;0.00;131.25;263.39;194.96
165.60;165.60;266.00;216.34;277.83;171.85;131.25;0.00;394.64;326.20
297.74;297.74;316.94;178.29;116.80;222.79;263.39;394.64;0.00;458.34
229.31;229.31;329.71;280.05;341.54;235.56;194.96;326.20;458.34;0.00
